50
 964.4804  8906.6595
 1539.0255  9263.6162
 3519.0144 -5452.6752
 2487.8568  7271.6798
 4916.5046 -3827.0457
 9796.7875  9309.8888
 9086.9575 -3903.3994
 3499.8194  1693.5514
-8100.5766  2585.0370
-7863.7306 -9821.3877
-265.2566  4970.2810
-6296.0671 -1110.7814
 190.4952  1090.0049
-6891.2288 -7516.0987
 3710.2648 -1958.6615
-204.1846  1265.5810
-9504.2429 -8294.7879
 8874.8861 -24.2505
 5751.6723 -6903.9477
-8191.3653 -9826.6589
 8129.6858 -9685.7061
 8609.3164  3383.9651
-8820.7335 -6273.1662
 2494.6120 -2384.6804
 5679.4785  8973.2005
-9918.2790  3369.7742
-8082.6767 -2507.1233
-4547.1373  6945.2528
 5294.5744 -2508.1337
-5195.7910 -1399.2843
 6086.4728  9614.2506
-105.7961  1072.6900
 4742.0503  1057.1383
-6863.8889  9964.4501
 7807.2623  9465.0696
-5066.4552  1689.6208
-3631.4931 -6337.4108
-5263.3498 -3062.8900
 8855.5256  2131.3585
-8699.5073  8034.4569
-6890.9247 -7889.1586
 4756.1383  7121.8188
-1189.8187 -7700.7608
 3358.7974  8708.9911
 684.1685  354.0243
-8843.6767  4972.9973
-4665.9062  2739.0646
 9325.2568  5063.9590
 124.5996 -1062.0079
-6449.4885 -9277.9110
